{
  /*
Just something I'm playing with

keyTimes="0; 0.127; 0.293; 0.415; 0.689; 0.841; 0.972; 1"
on <animate> doesn't seem to be allowed for path animations
*/
}

<svg
  viewBox="-251 -259 498 504"
  width="498"
  height="504"
  xmlns="http://www.w3.org/2000/svg"
  xmlns:xlink="http://www.w3.org/1999/xlink"
  version="1.1"
>
  <path
    class="st0"
    d="M56.7 -126C75.9 -87.1 95.5 -76.8 112.5 -60.6C129.5 -44.3 143.7 -22.2 162.1 10.6C180.4 43.3 202.8 86.7 197 122.3C191.3 158 157.4 185.9 119.9 185.3C82.3 184.6 41.2 155.3 -0.3 155.9C-41.8 156.5 -83.7 186.9 -123.6 189C-163.6 191.1 -201.8 164.8 -205.7 128.6C-209.6 92.3 -179.3 46.2 -170.2 5.3C-161.1 -35.7 -173.2 -71.3 -165.2 -100.5C-157.2 -129.6 -129.1 -152.3 -98.2 -184.5C-67.3 -216.6 -33.7 -258.3 -7.5 -245.4C18.8 -232.5 37.5 -165 56.7 -126"
  >
    <animate
      attributeName="d"
      values="M56.7 -126C75.9 -87.1 95.5 -76.8 112.5 -60.6C129.5 -44.3 143.7 -22.2 162.1 10.6C180.4 43.3 202.8 86.7 197 122.3C191.3 158 157.4 185.9 119.9 185.3C82.3 184.6 41.2 155.3 -0.3 155.9C-41.8 156.5 -83.7 186.9 -123.6 189C-163.6 191.1 -201.8 164.8 -205.7 128.6C-209.6 92.3 -179.3 46.2 -170.2 5.3C-161.1 -35.7 -173.2 -71.3 -165.2 -100.5C-157.2 -129.6 -129.1 -152.3 -98.2 -184.5C-67.3 -216.6 -33.7 -258.3 -7.5 -245.4C18.8 -232.5 37.5 -165 56.7 -126;
M133.9 -212.8C167.8 -212.4 185.7 -164.9 193.2 -121.6C200.7 -78.3 197.8 -39.2 190.3 -4.3C182.8 30.5 170.7 61 152.7 86.1C134.7 111.2 110.8 131 84.4 134.5C58 138 29 125.2 1.8 122.1C-25.3 118.9 -50.7 125.3 -86.5 127.2C-122.3 129.1 -168.5 126.5 -186.2 104.6C-203.8 82.7 -192.9 41.3 -193.9 -0.6C-194.9 -42.5 -207.9 -85 -197.3 -119.2C-186.7 -153.4 -152.6 -179.3 -115.8 -178.1C-79 -176.8 -39.5 -148.4 5.2 -157.5C50 -166.6 100 -213.2 133.9 -212.8;
M55.3 -125.2C73 -85.5 89.8 -73.5 119.6 -57.2C149.3 -41 192.2 -20.5 193 0.5C193.9 21.5 152.8 43 138.4 85.9C124 128.7 136.2 193 117.6 215.1C99 237.1 49.5 217.1 7.4 204.2C-34.7 191.4 -69.3 185.8 -104.8 173.4C-140.3 161.1 -176.7 142 -199.9 112C-223 82 -233 41 -230.8 1.3C-228.7 -38.5 -214.4 -77 -186.6 -99.1C-158.9 -121.2 -117.7 -126.8 -84.3 -157.6C-51 -188.3 -25.5 -244.2 -3.4 -238.3C18.8 -232.5 37.5 -165 55.3 -125.2;
M125 -203C162.7 -194.8 194.4 -162.6 209.5 -124.8C224.7 -87 223.3 -43.5 229 3.2C234.6 50 247.2 100 220 116.9C192.7 133.8 125.6 117.5 82.3 139.2C39 160.9 19.5 220.4 -7.2 233C-34 245.6 -68 211.1 -109.4 188.4C-150.8 165.6 -199.7 154.6 -201.5 125.1C-203.2 95.7 -157.9 47.8 -155.3 1.5C-152.7 -44.8 -192.8 -89.7 -187.4 -112.8C-182 -135.9 -131 -137.2 -92.2 -144.8C-53.3 -152.4 -26.7 -166.2 8.5 -180.9C43.7 -195.6 87.3 -211.3 125 -203;
M67.6 -123C83.8 -107.7 90.6 -82 118.6 -59.7C146.6 -37.5 195.8 -18.8 203.8 4.6C211.8 28 178.7 56 152.4 81.3C126.2 106.5 106.8 129 82.6 149C58.3 169 29.2 186.5 -2.4 190.7C-34 194.9 -68 185.8 -93.1 166.3C-118.2 146.8 -134.5 116.9 -167.5 87.4C-200.5 58 -250.2 29 -241.7 4.9C-233.2 -19.2 -166.4 -38.3 -131.3 -64.2C-96.2 -90 -92.9 -122.5 -76.3 -137.6C-59.7 -152.7 -29.8 -150.3 -2.1 -146.7C25.7 -143.1 51.3 -138.2 67.6 -123;
M119.9 -209.9C142.9 -194.5 140.3 -137 134.9 -95C129.5 -53 121.2 -26.5 133.8 7.2C146.3 41 179.7 82 177.7 111.2C175.7 140.3 138.3 157.6 102.8 180.1C67.3 202.6 33.7 230.3 7.5 217.4C-18.8 204.5 -37.5 151 -73.3 128.6C-109.1 106.3 -161.9 115.1 -177.9 98.9C-193.8 82.7 -172.9 41.3 -154.6 10.6C-136.3 -20.2 -120.5 -40.3 -120.2 -83.6C-119.9 -126.9 -134.9 -193.4 -117.5 -212C-100 -230.5 -50 -201.3 -0.8 -200C48.5 -198.7 97 -225.3 119.9 -209.9;
M74.5 -127.7C105.7 -111.1 146.4 -109.5 175.9 -90.8C205.4 -72 223.7 -36 215.2 -4.9C206.7 26.2 171.3 52.3 146.1 78.5C120.8 104.6 105.7 130.7 83 158.1C60.3 185.5 30.2 214.3 -2.6 218.7C-35.3 223.2 -70.7 203.4 -86.9 172.3C-103.1 141.1 -100.3 98.7 -108.1 68.1C-116 37.5 -134.5 18.8 -161.5 -15.6C-188.6 -50 -224.2 -100 -210 -119.5C-195.7 -139 -131.6 -127.9 -88.3 -137.6C-45 -147.3 -22.5 -177.6 -0.4 -176.9C21.7 -176.2 43.3 -144.4 74.5 -127.72;
M56.7 -126C75.9 -87.1 95.5 -76.8 112.5 -60.6C129.5 -44.3 143.7 -22.2 162.1 10.6C180.4 43.3 202.8 86.7 197 122.3C191.3 158 157.4 185.9 119.9 185.3C82.3 184.6 41.2 155.3 -0.3 155.9C-41.8 156.5 -83.7 186.9 -123.6 189C-163.6 191.1 -201.8 164.8 -205.7 128.6C-209.6 92.3 -179.3 46.2 -170.2 5.3C-161.1 -35.7 -173.2 -71.3 -165.2 -100.5C-157.2 -129.6 -129.1 -152.3 -98.2 -184.5C-67.3 -216.6 -33.7 -258.3 -7.5 -245.4C18.8 -232.5 37.5 -165 56.7 -126M56.7 -126C75.9 -87.1 95.5 -76.8 112.5 -60.6C129.5 -44.3 143.7 -22.2 162.1 10.6C180.4 43.3 202.8 86.7 197 122.3C191.3 158 157.4 185.9 119.9 185.3C82.3 184.6 41.2 155.3 -0.3 155.9C-41.8 156.5 -83.7 186.9 -123.6 189C-163.6 191.1 -201.8 164.8 -205.7 128.6C-209.6 92.3 -179.3 46.2 -170.2 5.3C-161.1 -35.7 -173.2 -71.3 -165.2 -100.5C-157.2 -129.6 -129.1 -152.3 -98.2 -184.5C-67.3 -216.6 -33.7 -258.3 -7.5 -245.4C18.8 -232.5 37.5 -165 56.7 -126;
M133.9 -212.8C167.8 -212.4 185.7 -164.9 193.2 -121.6C200.7 -78.3 197.8 -39.2 190.3 -4.3C182.8 30.5 170.7 61 152.7 86.1C134.7 111.2 110.8 131 84.4 134.5C58 138 29 125.2 1.8 122.1C-25.3 118.9 -50.7 125.3 -86.5 127.2C-122.3 129.1 -168.5 126.5 -186.2 104.6C-203.8 82.7 -192.9 41.3 -193.9 -0.6C-194.9 -42.5 -207.9 -85 -197.3 -119.2C-186.7 -153.4 -152.6 -179.3 -115.8 -178.1C-79 -176.8 -39.5 -148.4 5.2 -157.5C50 -166.6 100 -213.2 133.9 -212.8;
M55.3 -125.2C73 -85.5 89.8 -73.5 119.6 -57.2C149.3 -41 192.2 -20.5 193 0.5C193.9 21.5 152.8 43 138.4 85.9C124 128.7 136.2 193 117.6 215.1C99 237.1 49.5 217.1 7.4 204.2C-34.7 191.4 -69.3 185.8 -104.8 173.4C-140.3 161.1 -176.7 142 -199.9 112C-223 82 -233 41 -230.8 1.3C-228.7 -38.5 -214.4 -77 -186.6 -99.1C-158.9 -121.2 -117.7 -126.8 -84.3 -157.6C-51 -188.3 -25.5 -244.2 -3.4 -238.3C18.8 -232.5 37.5 -165 55.3 -125.2;
M125 -203C162.7 -194.8 194.4 -162.6 209.5 -124.8C224.7 -87 223.3 -43.5 229 3.2C234.6 50 247.2 100 220 116.9C192.7 133.8 125.6 117.5 82.3 139.2C39 160.9 19.5 220.4 -7.2 233C-34 245.6 -68 211.1 -109.4 188.4C-150.8 165.6 -199.7 154.6 -201.5 125.1C-203.2 95.7 -157.9 47.8 -155.3 1.5C-152.7 -44.8 -192.8 -89.7 -187.4 -112.8C-182 -135.9 -131 -137.2 -92.2 -144.8C-53.3 -152.4 -26.7 -166.2 8.5 -180.9C43.7 -195.6 87.3 -211.3 125 -203;
M67.6 -123C83.8 -107.7 90.6 -82 118.6 -59.7C146.6 -37.5 195.8 -18.8 203.8 4.6C211.8 28 178.7 56 152.4 81.3C126.2 106.5 106.8 129 82.6 149C58.3 169 29.2 186.5 -2.4 190.7C-34 194.9 -68 185.8 -93.1 166.3C-118.2 146.8 -134.5 116.9 -167.5 87.4C-200.5 58 -250.2 29 -241.7 4.9C-233.2 -19.2 -166.4 -38.3 -131.3 -64.2C-96.2 -90 -92.9 -122.5 -76.3 -137.6C-59.7 -152.7 -29.8 -150.3 -2.1 -146.7C25.7 -143.1 51.3 -138.2 67.6 -123;
M119.9 -209.9C142.9 -194.5 140.3 -137 134.9 -95C129.5 -53 121.2 -26.5 133.8 7.2C146.3 41 179.7 82 177.7 111.2C175.7 140.3 138.3 157.6 102.8 180.1C67.3 202.6 33.7 230.3 7.5 217.4C-18.8 204.5 -37.5 151 -73.3 128.6C-109.1 106.3 -161.9 115.1 -177.9 98.9C-193.8 82.7 -172.9 41.3 -154.6 10.6C-136.3 -20.2 -120.5 -40.3 -120.2 -83.6C-119.9 -126.9 -134.9 -193.4 -117.5 -212C-100 -230.5 -50 -201.3 -0.8 -200C48.5 -198.7 97 -225.3 119.9 -209.9;
M74.5 -127.7C105.7 -111.1 146.4 -109.5 175.9 -90.8C205.4 -72 223.7 -36 215.2 -4.9C206.7 26.2 171.3 52.3 146.1 78.5C120.8 104.6 105.7 130.7 83 158.1C60.3 185.5 30.2 214.3 -2.6 218.7C-35.3 223.2 -70.7 203.4 -86.9 172.3C-103.1 141.1 -100.3 98.7 -108.1 68.1C-116 37.5 -134.5 18.8 -161.5 -15.6C-188.6 -50 -224.2 -100 -210 -119.5C-195.7 -139 -131.6 -127.9 -88.3 -137.6C-45 -147.3 -22.5 -177.6 -0.4 -176.9C21.7 -176.2 43.3 -144.4 74.5 -127.72;
M56.7 -126C75.9 -87.1 95.5 -76.8 112.5 -60.6C129.5 -44.3 143.7 -22.2 162.1 10.6C180.4 43.3 202.8 86.7 197 122.3C191.3 158 157.4 185.9 119.9 185.3C82.3 184.6 41.2 155.3 -0.3 155.9C-41.8 156.5 -83.7 186.9 -123.6 189C-163.6 191.1 -201.8 164.8 -205.7 128.6C-209.6 92.3 -179.3 46.2 -170.2 5.3C-161.1 -35.7 -173.2 -71.3 -165.2 -100.5C-157.2 -129.6 -129.1 -152.3 -98.2 -184.5C-67.3 -216.6 -33.7 -258.3 -7.5 -245.4C18.8 -232.5 37.5 -165 56.7 -126"
      dur="10s"
      repeatCount="indefinite"></animate>
  </path>
</svg>
